Number of States (n): 10
Number of Actions (m): 4

Action 0:
0.000 0.000 0.000 0.000 0.000 0.000 0.000 0.000 0.000 1.000
0.000 0.000 1.000 0.000 0.000 0.000 0.000 0.000 0.000 0.000
0.000 0.000 0.000 0.000 0.000 0.000 1.000 0.000 0.000 0.000
0.000 0.000 0.000 0.000 0.000 0.000 0.000 0.000 0.000 1.000
0.000 0.000 0.000 0.000 0.000 0.000 0.000 0.000 1.000 0.000
0.000 0.000 0.000 0.000 0.000 0.000 1.000 0.000 0.000 0.000
0.000 0.000 1.000 0.000 0.000 0.000 0.000 0.000 0.000 0.000
0.000 0.000 0.104 0.000 0.000 0.045 0.000 0.851 0.000 0.000
0.000 0.000 1.000 0.000 0.000 0.000 0.000 0.000 0.000 0.000
0.090 0.000 0.000 0.000 0.000 0.000 0.000 0.000 0.000 0.910

Action 1:
0.000 0.000 0.000 0.000 0.000 0.000 0.000 0.000 0.000 1.000
0.000 0.000 0.001 0.000 0.000 0.000 0.000 0.000 0.999 0.000
0.000 0.601 0.000 0.000 0.000 0.000 0.000 0.000 0.000 0.399
0.000 0.000 0.000 0.000 0.000 1.000 0.000 0.000 0.000 0.000
0.000 1.000 0.000 0.000 0.000 0.000 0.000 0.000 0.000 0.000
0.000 0.000 0.896 0.000 0.000 0.000 0.104 0.000 0.000 0.000
0.000 0.000 0.000 0.005 0.659 0.000 0.335 0.000 0.000 0.000
0.000 0.000 0.979 0.000 0.000 0.000 0.000 0.021 0.000 0.000
1.000 0.000 0.000 0.000 0.000 0.000 0.000 0.000 0.000 0.000
0.000 0.000 0.000 0.000 0.000 0.000 0.000 0.009 0.991 0.000

Action 2:
0.000 0.994 0.006 0.000 0.000 0.000 0.000 0.000 0.000 0.000
0.434 0.000 0.566 0.000 0.000 0.000 0.000 0.000 0.000 0.000
0.000 0.000 0.109 0.000 0.007 0.000 0.000 0.000 0.000 0.884
0.000 0.000 0.000 0.022 0.000 0.000 0.000 0.971 0.000 0.007
0.000 0.000 0.000 0.307 0.000 0.000 0.000 0.000 0.693 0.000
0.000 1.000 0.000 0.000 0.000 0.000 0.000 0.000 0.000 0.000
0.000 0.000 0.000 1.000 0.000 0.000 0.000 0.000 0.000 0.000
0.000 0.000 0.000 0.000 0.000 0.029 0.000 0.018 0.000 0.953
0.000 1.000 0.000 0.000 0.000 0.000 0.000 0.000 0.000 0.000
0.000 0.000 0.000 0.006 0.000 0.007 0.000 0.987 0.000 0.000

Action 3:
0.000 0.000 0.000 0.000 1.000 0.000 0.000 0.000 0.000 0.000
0.000 0.000 0.000 0.000 0.000 0.000 0.000 0.000 0.000 1.000
0.000 0.000 0.991 0.000 0.000 0.000 0.009 0.000 0.000 0.000
0.000 0.998 0.000 0.000 0.000 0.000 0.002 0.000 0.000 0.000
0.000 0.000 0.314 0.000 0.000 0.000 0.004 0.000 0.681 0.000
0.002 0.851 0.000 0.000 0.000 0.000 0.000 0.148 0.000 0.000
0.000 0.987 0.013 0.000 0.000 0.000 0.000 0.000 0.000 0.000
0.000 1.000 0.000 0.000 0.000 0.000 0.000 0.000 0.000 0.000
0.000 0.000 0.000 0.000 0.033 0.000 0.000 0.967 0.000 0.000
0.000 0.106 0.000 0.000 0.894 0.000 0.000 0.000 0.000 0.000

Rewards:
0.000000 0.000000 0.000000 0.000000
0.000000 0.000000 0.000000 0.000000
0.000000 0.000000 0.000000 0.000000
0.000000 0.000000 0.000000 0.000000
1.000000 1.000000 1.000000 1.000000
0.000000 0.000000 0.000000 0.000000
0.000000 0.000000 0.000000 0.000000
0.000000 0.000000 0.000000 0.000000
0.000000 0.000000 0.000000 0.000000
0.000000 0.000000 0.000000 0.000000

Non-Stationary Value Function:
 0: 0.000 0.000 0.000 0.000 1.000 0.000 0.000 0.000 0.000 0.000
 1: 1.000 0.000 0.007 0.000 1.000 0.000 0.659 0.000 0.033 0.894
 2: 1.000 0.894 0.799 0.894 1.033 0.659 0.881 0.852 1.000 0.904
 3: 1.033 1.000 0.898 0.904 2.000 0.894 0.981 0.896 1.000 1.018
 4: 2.000 1.018 1.013 1.018 2.000 1.000 1.653 1.013 1.033 1.894
 5: 2.000 1.894 1.799 1.894 2.033 1.653 1.878 1.852 2.000 1.904
 6: 2.033 2.000 1.898 1.904 3.000 1.894 1.980 1.896 2.000 2.018
 7: 3.000 2.018 2.013 2.018 3.000 2.000 2.652 2.013 2.033 2.894
 8: 3.000 2.894 2.799 2.894 3.033 2.652 2.878 2.852 3.000 2.904
 9: 3.033 3.000 2.898 2.904 4.000 2.894 2.980 2.896 3.000 3.018
10: 4.000 3.018 3.013 3.018 4.000 3.000 3.652 3.013 3.033 3.894
11: 4.000 3.894 3.799 3.894 4.033 3.652 3.878 3.852 4.000 3.904
12: 4.033 4.000 3.898 3.904 5.000 3.894 3.980 3.896 4.000 4.018
13: 5.000 4.018 4.013 4.018 5.000 4.000 4.652 4.013 4.033 4.894
14: 5.000 4.894 4.799 4.894 5.033 4.652 4.878 4.852 5.000 4.904
15: 5.033 5.000 4.898 4.904 6.000 4.894 4.980 4.896 5.000 5.018
16: 6.000 5.018 5.013 5.018 6.000 5.000 5.652 5.013 5.033 5.894
17: 6.000 5.894 5.799 5.894 6.033 5.652 5.878 5.852 6.000 5.904
18: 6.033 6.000 5.898 5.904 7.000 5.894 5.980 5.896 6.000 6.018
19: 7.000 6.018 6.013 6.018 7.000 6.000 6.652 6.013 6.033 6.894
20: 7.000 6.894 6.799 6.894 7.033 6.652 6.878 6.852 7.000 6.904
21: 7.033 7.000 6.898 6.904 8.000 6.894 6.980 6.896 7.000 7.018
22: 8.000 7.018 7.013 7.018 8.000 7.000 7.652 7.013 7.033 7.894
23: 8.000 7.894 7.799 7.894 8.033 7.652 7.878 7.852 8.000 7.904
24: 8.033 8.000 7.898 7.904 9.000 7.894 7.980 7.896 8.000 8.018
25: 9.000 8.018 8.013 8.018 9.000 8.000 8.652 8.013 8.033 8.894
26: 9.000 8.894 8.799 8.894 9.033 8.652 8.878 8.852 9.000 8.904
27: 9.033 9.000 8.898 8.904 10.000 8.894 8.980 8.896 9.000 9.018
28: 10.000 9.018 9.013 9.018 10.000 9.000 9.652 9.013 9.033 9.894
29: 10.000 9.894 9.799 9.894 10.033 9.652 9.878 9.852 10.000 9.904

Solution:
 0: 0 0 0 0 0 0 0 0 0 0
 1: 3 0 2 0 0 0 1 0 3 3
 2: 3 3 2 0 0 0 1 2 1 0
 3: 3 1 1 0 0 2 1 2 1 3
 4: 3 3 2 0 0 2 1 2 1 3
 5: 3 3 2 0 0 0 1 2 1 0
 6: 3 1 1 0 0 2 1 2 1 3
 7: 3 3 2 0 0 2 1 2 1 3
 8: 3 3 2 0 0 0 1 2 1 0
 9: 3 1 1 0 0 2 1 2 1 3
10: 3 3 2 0 0 2 1 2 1 3
11: 3 3 2 0 0 0 1 2 1 0
12: 3 1 1 0 0 2 1 2 1 3
13: 3 3 2 0 0 2 1 2 1 3
14: 3 3 2 0 0 0 1 2 1 0
15: 3 1 1 0 0 2 1 2 1 3
16: 3 3 2 0 0 2 1 2 1 3
17: 3 3 2 0 0 0 1 2 1 0
18: 3 1 1 0 0 2 1 2 1 3
19: 3 3 2 0 0 2 1 2 1 3
20: 3 3 2 0 0 0 1 2 1 0
21: 3 1 1 0 0 2 1 2 1 3
22: 3 3 2 0 0 2 1 2 1 3
23: 3 3 2 0 0 0 1 2 1 0
24: 3 1 1 0 0 2 1 2 1 3
25: 3 3 2 0 0 2 1 2 1 3
26: 3 3 2 0 0 0 1 2 1 0
27: 3 1 1 0 0 2 1 2 1 3
28: 3 3 2 0 0 2 1 2 1 3
29: 3 3 2 0 0 0 1 2 1 0
