Number of States (n): 10
Number of Actions (m): 4

Action 0:
0.000 0.000 0.000 0.000 0.000 1.000 0.000 0.000 0.000 0.000
0.000 0.002 0.000 0.000 0.000 0.000 0.000 0.005 0.000 0.992
0.000 0.000 0.456 0.000 0.000 0.000 0.535 0.000 0.009 0.000
0.000 0.000 0.000 0.000 0.000 0.000 0.000 0.000 1.000 0.000
0.000 0.000 0.000 0.000 0.000 0.000 0.000 0.000 0.000 1.000
0.000 0.000 0.001 0.000 0.000 0.999 0.000 0.000 0.000 0.000
0.009 0.000 0.000 0.000 0.000 0.991 0.000 0.000 0.000 0.000
0.000 0.000 0.000 1.000 0.000 0.000 0.000 0.000 0.000 0.000
1.000 0.000 0.000 0.000 0.000 0.000 0.000 0.000 0.000 0.000
0.000 0.000 0.000 0.000 0.000 0.000 0.000 1.000 0.000 0.000

Action 1:
0.478 0.000 0.000 0.522 0.000 0.000 0.000 0.000 0.000 0.000
0.000 0.000 0.000 0.000 0.728 0.000 0.000 0.272 0.000 0.000
0.000 0.000 0.000 0.000 0.000 0.000 0.000 1.000 0.000 0.000
0.003 0.916 0.000 0.000 0.080 0.000 0.001 0.000 0.000 0.000
0.000 0.000 0.000 0.000 0.000 0.000 0.025 0.000 0.000 0.975
0.000 0.000 0.000 0.862 0.000 0.000 0.000 0.000 0.137 0.000
0.000 1.000 0.000 0.000 0.000 0.000 0.000 0.000 0.000 0.000
0.935 0.000 0.000 0.037 0.000 0.028 0.000 0.000 0.000 0.000
0.000 0.000 0.000 0.000 1.000 0.000 0.000 0.000 0.000 0.000
0.000 0.196 0.000 0.000 0.000 0.000 0.000 0.000 0.804 0.000

Action 2:
0.000 0.000 0.000 1.000 0.000 0.000 0.000 0.000 0.000 0.000
0.000 0.000 0.000 0.983 0.017 0.000 0.000 0.000 0.000 0.000
0.662 0.000 0.000 0.000 0.000 0.163 0.000 0.174 0.000 0.000
0.535 0.000 0.000 0.000 0.000 0.000 0.000 0.465 0.000 0.000
0.000 0.000 0.000 0.000 0.406 0.000 0.572 0.000 0.000 0.022
0.000 0.000 0.000 0.000 0.000 0.000 1.000 0.000 0.000 0.000
0.000 0.000 0.000 0.000 0.000 1.000 0.000 0.000 0.000 0.000
0.000 0.000 0.000 0.000 0.000 0.000 0.000 0.000 1.000 0.000
0.000 1.000 0.000 0.000 0.000 0.000 0.000 0.000 0.000 0.000
0.000 0.000 0.000 0.000 0.000 0.000 1.000 0.000 0.000 0.000

Action 3:
0.000 0.000 0.000 0.000 0.943 0.000 0.057 0.000 0.000 0.000
0.000 0.000 0.000 0.000 0.000 0.000 0.000 1.000 0.000 0.000
0.000 0.983 0.016 0.000 0.000 0.000 0.001 0.000 0.000 0.000
0.000 1.000 0.000 0.000 0.000 0.000 0.000 0.000 0.000 0.000
0.002 0.000 0.000 0.000 0.999 0.000 0.000 0.000 0.000 0.000
0.000 1.000 0.000 0.000 0.000 0.000 0.000 0.000 0.000 0.000
0.000 0.000 0.000 0.000 0.020 0.980 0.000 0.000 0.000 0.000
0.000 0.000 0.000 0.922 0.000 0.000 0.077 0.000 0.000 0.000
0.000 0.000 0.023 0.000 0.000 0.000 0.000 0.000 0.977 0.000
0.999 0.000 0.001 0.000 0.000 0.000 0.000 0.000 0.000 0.000

Rewards:
0.000000 0.000000 0.000000 0.000000
0.000000 0.000000 0.000000 0.000000
0.493100 0.493100 0.493100 0.493100
0.000000 0.000000 0.000000 0.000000
0.000000 0.000000 0.000000 0.000000
0.000000 0.000000 0.000000 0.000000
1.000000 1.000000 1.000000 1.000000
0.000000 0.000000 0.000000 0.000000
0.000000 0.000000 0.000000 0.000000
0.000000 0.000000 0.000000 0.000000

Non-Stationary Value Function:
 0: 0.000 0.000 0.493 0.000 0.000 0.000 1.000 0.000 0.000 0.000
 1: 0.057 0.000 1.253 0.001 0.572 1.000 1.000 0.077 0.011 1.000
 2: 1.000 0.992 1.599 0.066 1.000 1.000 2.000 0.082 0.572 1.000
 3: 1.057 0.995 2.297 0.994 1.571 2.000 2.000 0.966 1.000 2.000
 4: 2.000 1.992 2.619 1.042 2.000 2.000 3.000 1.081 1.571 2.000
 5: 2.057 1.995 3.306 1.993 2.571 3.000 3.000 1.965 2.000 3.000
 6: 3.000 2.992 3.624 2.042 3.000 3.000 4.000 2.081 2.571 3.000
 7: 3.057 2.995 4.308 2.993 3.571 4.000 4.000 2.965 3.000 4.000
 8: 4.000 3.992 4.624 3.042 4.000 4.000 5.000 3.081 3.571 4.000
 9: 4.057 3.995 5.309 3.993 4.571 5.000 5.000 3.965 4.000 5.000
10: 5.000 4.992 5.625 4.042 5.000 5.000 6.000 4.081 4.571 5.000
11: 5.057 4.995 6.309 4.993 5.571 6.000 6.000 4.965 5.000 6.000
12: 6.000 5.992 6.625 5.042 6.000 6.000 7.000 5.081 5.571 6.000
13: 6.057 5.995 7.309 5.993 6.571 7.000 7.000 5.965 6.000 7.000
14: 7.000 6.992 7.625 6.042 7.000 7.000 8.000 6.081 6.571 7.000
15: 7.057 6.995 8.309 6.992 7.571 8.000 8.000 6.965 7.000 8.000
16: 8.000 7.992 8.625 7.042 8.000 8.000 9.000 7.081 7.571 8.000
17: 8.057 7.995 9.309 7.992 8.571 9.000 9.000 7.965 8.000 9.000
18: 9.000 8.992 9.625 8.041 9.000 9.000 10.000 8.081 8.571 9.000
19: 9.057 8.995 10.309 8.992 9.571 10.000 10.000 8.965 9.000 10.000
20: 10.000 9.992 10.625 9.041 10.000 10.000 11.000 9.081 9.571 10.000
21: 10.057 9.995 11.309 9.992 10.571 11.000 11.000 9.965 10.000 11.000
22: 11.000 10.992 11.625 10.041 11.000 11.000 12.000 10.081 10.571 11.000
23: 11.057 10.995 12.309 10.992 11.571 12.000 12.000 10.965 11.000 12.000
24: 12.000 11.992 12.625 11.041 12.000 12.000 13.000 11.081 11.571 12.000
25: 12.057 11.995 13.309 11.992 12.571 13.000 13.000 11.965 12.000 13.000
26: 13.000 12.992 13.625 12.041 13.000 13.000 14.000 12.081 12.571 13.000
27: 13.057 12.995 14.309 12.992 13.571 14.000 14.000 12.965 13.000 14.000
28: 14.000 13.992 14.625 13.041 14.000 14.000 15.000 13.081 13.571 14.000
29: 14.057 13.995 15.309 13.992 14.571 15.000 15.000 13.965 14.000 15.000

Solution:
 0: 0 0 0 0 0 0 0 0 0 0
 1: 3 0 0 1 2 2 0 3 3 2
 2: 0 0 0 2 1 0 2 1 1 2
 3: 3 0 0 1 2 2 2 1 0 2
 4: 0 0 0 1 1 0 2 1 1 2
 5: 3 0 0 1 2 2 2 1 0 2
 6: 0 0 0 1 1 0 2 1 1 2
 7: 3 0 0 1 2 2 2 1 0 2
 8: 0 0 0 1 1 0 2 1 1 2
 9: 3 0 0 1 2 2 2 1 0 2
10: 0 0 0 1 1 0 2 1 1 2
11: 3 0 0 1 2 2 2 1 0 2
12: 0 0 0 1 1 0 2 1 1 2
13: 3 0 0 1 2 2 2 1 0 2
14: 0 0 0 1 1 0 2 1 1 2
15: 3 0 0 1 2 2 2 1 0 2
16: 0 0 0 1 1 0 2 1 1 2
17: 3 0 0 1 2 2 2 1 0 2
18: 0 0 0 1 1 0 2 1 1 2
19: 3 0 0 1 2 2 2 1 0 2
20: 0 0 0 1 1 0 2 1 1 2
21: 3 0 0 1 2 2 2 1 0 2
22: 0 0 0 1 1 0 2 1 1 2
23: 3 0 0 1 2 2 2 1 0 2
24: 0 0 0 1 1 0 2 1 1 2
25: 3 0 0 1 2 2 2 1 0 2
26: 0 0 0 1 1 0 2 1 1 2
27: 3 0 0 3 2 2 2 1 0 2
28: 0 0 0 1 1 2 2 1 1 2
29: 3 0 0 3 2 2 2 1 0 2
